t_past = 0.1
learning_rate = 0.0001
init_state = [0, 0]
max_eps = 20000
seed = 1
dt = 0.001
backend = 'nengo'
t_now = 0.005
mean_solved = -100
gamma = 0.9

solved = False
episodes = 101
last_hundred_rewards = [-8241.9406214668452, -9532.2061432433256, -8494.1560643643843, -8530.3045675996382, -8647.5291654960238, -8210.4973413798798, -8002.5915975429616, -8549.2280206311698, -7688.5836015231289, -8603.6613955813518, -8162.1614592009091, -8469.2241438328674, -8347.3304262897545, -8737.5202927018054, -8268.8348613022445, -8752.9122575288457, -9161.2619568139089, -7844.2438919485476, -8975.1963987150193, -7824.8353168641725, -8475.2378855082952, -8353.3301143127683, -8368.454047418425, -8297.0208638893691, -8242.1397160008546, -8402.7545037246073, -8463.8601031495073, -7592.1027804171572, -7989.7886555470322, -8252.8216613989698, -7920.1575120796824, -8467.3125039086826, -8227.3237291537698, -8539.8777993744807, -8019.1379398782292, -8255.1085142989759, -8732.1865459722721, -8359.2549149267215, -7578.3497214310592, -8672.5482292348661, -8516.4701736073403, -8626.065500214072, -8141.2549313645295, -8298.1849824574074, -8201.2054612821121, -8409.2807996887095, -8096.2531319125901, -7870.6301990109259, -8122.4117163292703, -8170.6375956172114, -8549.5420712510368, -8295.8825128732351, -7888.1345064030502, -8027.0945134614267, -8376.665148370912, -8085.8232965661955, -8358.4656285733763, -8385.8007837481164, -8022.6153559453933, -8586.7864456507814, -8345.136816649645, -8036.0543863285538, -8183.6892536071036, -8443.2256610137028, -8194.6699899344185, -7799.363008594336, -8064.2038655918577, -8147.8064245718124, -8799.4457383749486, -8240.6403485600749, -8210.1370662533791, -8311.0001165904941, -8023.0008238286282, -8400.9950728189142, -8025.8614658441002, -7926.2184317795072, -9041.4123471664334, -7797.1726430982644, -7763.7090620116142, -7950.8098661760205, -8097.0888470642703, -8419.5784267155705, -8295.2389475443051, -8566.8129625931324, -8755.2171894026069, -8122.2402443776373, -8124.7548103189292, -8402.8456389406238, -8668.3625926622153, -8640.2844139633326, -8612.2016771095859, -8124.3363177366618, -8805.3306062381598, -8216.7834321293449, -8386.6514811332308, -8153.0630336884115, -8332.5250146513954, -8378.0787699695684, -7788.1833657161442, -8322.1119885269236]
