t_past = 0.1
learning_rate = 0.0001
init_state = [0, 0]
max_eps = 20000
seed = 1
dt = 0.001
backend = 'nengo'
t_now = 0.005
mean_solved = -100
gamma = 0.9

solved = False
episodes = 101
last_hundred_rewards = [-8202.9882190222888, -8223.8153026761029, -7995.8521085366201, -8764.7841381068156, -8491.2534679361979, -8860.927093285809, -8477.4682206310499, -8420.0649554395659, -8321.0992946875795, -7682.4260651530758, -8437.3609942129406, -8037.4904545317104, -8123.70854948957, -8128.8918492910234, -8123.3600384729862, -8444.0638656975498, -7963.0539577676063, -8384.8719465874783, -7848.3563214015685, -8160.2130961668081, -8783.3524311972305, -8258.4212427102375, -8653.0001450026357, -8502.6006175830316, -8131.5475174233825, -7942.2280513315145, -8488.8584919907989, -8082.8521640320996, -8585.3848063877413, -8239.4299382906265, -7974.8792954250393, -8057.5059104754182, -7808.9321238846924, -7619.0028906964162, -8272.427816749605, -8167.2669635841939, -8082.483945338432, -7683.2334350289775, -8290.7488172340818, -8643.0087036574132, -8408.7394971959948, -8323.1403033436054, -7851.0011276148025, -8775.2990692473886, -8436.7350395602625, -8746.3980866371039, -7523.3945988470559, -8595.2704437146149, -7562.2638756508968, -8180.7773936274352, -8567.379024084179, -8705.727314809681, -8520.2553134810369, -7615.1871204297768, -7927.7710035096134, -8555.3843222868527, -8564.2652026590276, -8652.6427155880938, -8209.8594219310635, -8196.990584134277, -8470.6924552999481, -8323.0441468090539, -8185.3630789336548, -8079.3820382581807, -8462.3624792665378, -8207.6730532613019, -7966.3681861401965, -7240.3145208313936, -8227.2888214353989, -8366.9781520824326, -8263.5232146338421, -8396.4178010828236, -7990.0844904461501, -8271.8123672122874, -7673.5547373914678, -8501.6990234369878, -8282.5599711176365, -8382.9034202144285, -8120.600702510661, -8382.8467549906891, -8317.7133665042711, -7735.2810651310847, -8460.9967975254931, -8341.1313551938765, -7858.1747400043787, -8025.6703878662547, -8416.7704859908081, -8089.2727551591106, -8008.4261386800727, -8834.1012569675968, -8910.165816876015, -8582.1060527455993, -8116.7207661323346, -8364.6886851710078, -8143.5789669257401, -8486.2634900173634, -8553.7439160964368, -8199.9778218573319, -8085.9584590153399, -7797.7798039403233]
