_viz_config[Sarsa].pos=(0.767061518922203, 0.46596415830744087)
_viz_config[Sarsa].size=(0.19732137359444651, 0.21322578742753467)
_viz_config[Sarsa].expanded=True
_viz_config[Sarsa].has_layout=True
_viz_config[Sarsa.desired_action].pos=(0.4884347703926138, 0.24030055563121042)
_viz_config[Sarsa.desired_action].size=(0.05285953926379722, 0.07760659534115597)
_viz_config[Sarsa.error].pos=(0.4872033947702952, 0.8230076468260401)
_viz_config[Sarsa.error].size=(0.04494382022471911, 0.04419889502762431)
_viz_config[Sarsa.q].pos=(0.14044858721607123, 0.5707830452268315)
_viz_config[Sarsa.q].size=(0.04494382022471911, 0.04419889502762431)
_viz_config[Sarsa.reward].pos=(0.8168250898627932, 0.22664308134256014)
_viz_config[Sarsa.reward].size=(0.04494382022471911, 0.04419889502762431)
_viz_config[Sarsa.reward_array].pos=(0.8179698656360807, 0.5739091010932473)
_viz_config[Sarsa.reward_array].size=(0.04494379394436941, 0.03914162289533275)
_viz_config[Sarsa.select].pos=(0.4896661460149315, 0.5808235458721778)
_viz_config[Sarsa.select].size=(0.04494382022471911, 0.04419889502762431)
_viz_config[Sarsa.state].pos=(0.14742099283009355, 0.23868884187301884)
_viz_config[Sarsa.state].size=(0.054011149206842794, 0.0792973502755638)
_viz_ace_editor = nengo_gui.components.AceEditor()
_viz_net_graph = nengo_gui.components.NetGraph()
_viz_sim_control = nengo_gui.components.SimControl()
_viz_config[_viz_sim_control].kept_time = 4.0
_viz_config[_viz_sim_control].shown_time = 0.5
_viz_config[mc].pos=(0.759694884170417, 0.1580762174048195)
_viz_config[mc].size=(0.06634234774263728, 0.06069975664752326)
_viz_config[model].pos=(-0.3889244674594101, -0.02907165237892326)
_viz_config[model].size=(1.4098230454087375, 1.4098230454087375)
_viz_config[model].expanded=True
_viz_config[model].has_layout=True