_viz_ace_editor = nengo_gui.components.AceEditor()
_viz_net_graph = nengo_gui.components.NetGraph()
_viz_sim_control = nengo_gui.components.SimControl()
_viz_config[_viz_sim_control].kept_time = 4.0
_viz_config[_viz_sim_control].shown_time = 0.5
_viz_config[input].pos=(0.2025866995738011, 0.5730494151759903)
_viz_config[input].size=(0.06046287367405961, 0.061187214611872466)
_viz_config[layer].pos=(0.5101240677002519, 0.5712976068527132)
_viz_config[layer].size=(0.1, 0.1)
_viz_config[model].pos=(-0.05723757350614278, -0.07301298908013343)
_viz_config[model].size=(1.088333333333333, 1.088333333333333)
_viz_config[model].expanded=True
_viz_config[model].has_layout=True
_viz_config[output].pos=(0.7904941410245165, 0.5684931506849328)
_viz_config[output].size=(0.1212121212121212, 0.2)