_viz_ace_editor = nengo_gui.components.AceEditor()
_viz_net_graph = nengo_gui.components.NetGraph()
_viz_sim_control = nengo_gui.components.SimControl()
_viz_config[_viz_sim_control].kept_time = 4.0
_viz_config[_viz_sim_control].shown_time = 0.5
_viz_config[a].pos=(0.31481481481481477, 0.39682539682539675)
_viz_config[a].size=(0.06172839506172839, 0.07936507936507935)
_viz_config[display_node].pos=(0.31481481481481477, 0.857142857142857)
_viz_config[display_node].size=(0.04938271604938271, 0.06349206349206349)
_viz_config[model].pos=(0, 0)
_viz_config[model].size=(1.0, 1.0)
_viz_config[model].expanded=True
_viz_config[model].has_layout=True
_viz_config[output].pos=(0.8186780480255246, 0.4059578169167241)
_viz_config[output].size=(0.12345679012345678, 0.13481191563383405)
_viz_config[output].expanded=False
_viz_config[output].has_layout=False
_viz_config[output.state_ensembles].expanded=False
_viz_config[output.state_ensembles].has_layout=False
_viz_config[u].pos=(0.08024691358024691, 0.626984126984127)
_viz_config[u].size=(0.04938271604938271, 0.06349206349206349)
_viz_config[v].pos=(0.5493827160493827, 0.39682539682539675)
_viz_config[v].size=(0.04938271604938271, 0.06349206349206349)