_viz_ace_editor = nengo_gui.components.AceEditor()
_viz_net_graph = nengo_gui.components.NetGraph()
_viz_sim_control = nengo_gui.components.SimControl()
_viz_config[_viz_sim_control].kept_time = 4.0
_viz_config[_viz_sim_control].shown_time = 0.5
_viz_config[error].pos=(0.644927536231884, 0.2727272727272727)
_viz_config[error].size=(0.05797101449275362, 0.12121212121212122)
_viz_config[input].pos=(0.07489537082033565, 0.6991834871112468)
_viz_config[input].size=(0.08238804894724396, 0.08357768880577568)
_viz_config[label].pos=(1.1707649019619302, 0.7062370077548026)
_viz_config[label].size=(0.1, 0.1)
_viz_config[model].pos=(0.3075511960076871, 0.2512422484496484)
_viz_config[model].size=(0.5529253273899523, 0.5529253273899523)
_viz_config[model].expanded=True
_viz_config[model].has_layout=True
_viz_config[post].pos=(0.8947265770173832, 0.6980765920404719)
_viz_config[post].size=(0.03668151444504177, 0.05147773175330449)
_viz_config[pre].pos=(0.3695652173913043, 0.696969696969697)
_viz_config[pre].size=(0.07246376811594202, 0.15151515151515155)