_viz_0 = nengo_gui.components.Value(error)
_viz_config[_viz_0].synapse = 0.01
_viz_config[_viz_0].max_value = 1
_viz_config[_viz_0].min_value = -1
_viz_config[_viz_0].legend_labels = [u'label_0', u'label_1', u'label_2']
_viz_config[_viz_0].height = 0.1141552511415525
_viz_config[_viz_0].label_visible = True
_viz_config[_viz_0].width = 0.1059322033898305
_viz_config[_viz_0].show_legend = False
_viz_config[_viz_0].y = 0.736121124729632
_viz_config[_viz_0].x = 0.7324336046977179
_viz_ace_editor = nengo_gui.components.AceEditor()
_viz_net_graph = nengo_gui.components.NetGraph()
_viz_sim_control = nengo_gui.components.SimControl()
_viz_config[_viz_sim_control].kept_time = 4.0
_viz_config[_viz_sim_control].shown_time = 0.5
_viz_config[a].pos=(0.3503937007874017, 0.11842105263157894)
_viz_config[a].size=(0.031496062992125984, 0.05263157894736842)
_viz_config[car_node].pos=(0.6496062992125984, 0.30921052631578944)
_viz_config[car_node].size=(0.031496062992125984, 0.05263157894736842)
_viz_config[error].pos=(0.9488188976377953, 0.8684210526315788)
_viz_config[error].size=(0.031496062992125984, 0.05263157894736842)
_viz_config[model].pos=(0, 0)
_viz_config[model].size=(1.0, 1.0)
_viz_config[model].expanded=True
_viz_config[model].has_layout=True
_viz_config[noise].pos=(0.051181102362204724, 0.8684210526315788)
_viz_config[noise].size=(0.031496062992125984, 0.05263157894736842)
_viz_config[q_a].pos=(0.20078740157480315, 0.8684210526315788)
_viz_config[q_a].size=(0.03937007874015748, 0.06578947368421052)
_viz_config[r].pos=(0.7992125984251969, 0.11842105263157894)
_viz_config[r].size=(0.031496062992125984, 0.05263157894736842)
_viz_config[state].pos=(0.7992125984251969, 0.49999999999999994)
_viz_config[state].size=(0.03937007874015748, 0.06578947368421052)
_viz_config[v].pos=(0.5, 0.30921052631578944)
_viz_config[v].size=(0.03937007874015748, 0.06578947368421052)