_viz_3 = nengo_gui.components.Slider(stop_learn)
_viz_config[_viz_3].label_visible = True
_viz_config[_viz_3].width = 0.043478260869565216
_viz_config[_viz_3].x = 0.12750558582538501
_viz_config[_viz_3].y = 0.6162988881949245
_viz_config[_viz_3].max_value = 1
_viz_config[_viz_3].min_value = -1
_viz_config[_viz_3].height = 0.10131712259371833
_viz_ace_editor = nengo_gui.components.AceEditor()
_viz_net_graph = nengo_gui.components.NetGraph()
_viz_sim_control = nengo_gui.components.SimControl()
_viz_config[_viz_sim_control].kept_time = 4.0
_viz_config[_viz_sim_control].shown_time = 0.5
_viz_config[error].pos=(0.501626003163065, 0.6038849944726024)
_viz_config[error].size=(0.0684931506849315, 0.1020408163265306)
_viz_config[model].pos=(0.1371198564208178, 0.13107942807020667)
_viz_config[model].size=(0.8442598538023351, 0.8442598538023351)
_viz_config[model].expanded=True
_viz_config[model].has_layout=True
_viz_config[post].pos=(0.6469333038553657, 0.2755445459339649)
_viz_config[post].size=(0.0684931506849315, 0.1020408163265306)
_viz_config[pre].pos=(0.3647207392666963, 0.27630018901459114)
_viz_config[pre].size=(0.0684931506849315, 0.1020408163265306)
_viz_config[stim].pos=(0.14010394437376206, 0.27198797378873957)
_viz_config[stim].size=(0.0547945205479452, 0.08163265306122448)
_viz_config[stop_learn].pos=(0.2685846599125177, 0.6021161306717953)
_viz_config[stop_learn].size=(0.0547945205479452, 0.08163265306122448)