_viz_ace_editor = nengo_gui.components.AceEditor()
_viz_net_graph = nengo_gui.components.NetGraph()
_viz_sim_control = nengo_gui.components.SimControl()
_viz_config[_viz_sim_control].kept_time = 4.0
_viz_config[_viz_sim_control].shown_time = 0.5
_viz_config[mc].pos=(0.6283549754953491, -0.06894875030637813)
_viz_config[mc].size=(0.2240588355549696, 0.1748470489299444)
_viz_config[model].pos=(0.7716278763802318, 0.42269310132021265)
_viz_config[model].size=(0.42892433941731944, 0.42892433941731944)
_viz_config[model].expanded=True
_viz_config[model].has_layout=True
_viz_config[ql].pos=(0.5759682582547102, 1.0297590529403524)
_viz_config[ql].size=(0.7202527167467383, 0.7037456157827217)
_viz_config[ql].expanded=True
_viz_config[ql].has_layout=True
_viz_config[ql.desired_action].pos=(0.5425728089802656, 0.15740122711351517)
_viz_config[ql.desired_action].size=(0.056179775280898875, 0.055248618784530384)
_viz_config[ql.error].pos=(0.5453495577097514, 0.8088529825669009)
_viz_config[ql.error].size=(0.04494382022471911, 0.04419889502762431)
_viz_config[ql.q].pos=(0.16463952968403564, 0.498723794602048)
_viz_config[ql.q].size=(0.04494382022471911, 0.04419889502762431)
_viz_config[ql.reward].pos=(0.898630954439236, 0.15157945223721703)
_viz_config[ql.reward].size=(0.04494382022471911, 0.04419889502762431)
_viz_config[ql.reward_array].pos=(0.9019658187764513, 0.4902728819849184)
_viz_config[ql.reward_array].size=(0.04223410366438467, 0.05541574820676607)
_viz_config[ql.select].pos=(0.5457435682311552, 0.5013090968885409)
_viz_config[ql.select].size=(0.05825826395628088, 0.0838786954686414)
_viz_config[ql.state].pos=(0.16755992037373543, 0.1523509271204532)
_viz_config[ql.state].size=(0.056179775280898875, 0.055248618784530384)