_viz_0 = nengo_gui.components.Value(mc)
_viz_config[_viz_0].synapse = 0.01
_viz_config[_viz_0].max_value = 1
_viz_config[_viz_0].min_value = -1
_viz_config[_viz_0].legend_labels = [u'label_0', u'label_1', u'label_2']
_viz_config[_viz_0].height = 0.10131712259371833
_viz_config[_viz_0].label_visible = True
_viz_config[_viz_0].width = 0.08695652173913043
_viz_config[_viz_0].show_legend = False
_viz_config[_viz_0].y = 0.33869655521783115
_viz_config[_viz_0].x = 0.13118857431749223
_viz_1 = nengo_gui.components.Value(ql.state)
_viz_config[_viz_1].synapse = 0.01
_viz_config[_viz_1].max_value = 1
_viz_config[_viz_1].min_value = -1
_viz_config[_viz_1].legend_labels = [u'label_0', u'label_1']
_viz_config[_viz_1].height = 0.10131712259371833
_viz_config[_viz_1].label_visible = True
_viz_config[_viz_1].width = 0.08695652173913043
_viz_config[_viz_1].show_legend = False
_viz_config[_viz_1].y = 0.1889648859221915
_viz_config[_viz_1].x = 0.5306510795989716
_viz_2 = nengo_gui.components.Value(ql.desired_action)
_viz_config[_viz_2].synapse = 0.01
_viz_config[_viz_2].max_value = 1
_viz_config[_viz_2].min_value = -1
_viz_config[_viz_2].legend_labels = [u'label_0', u'label_1']
_viz_config[_viz_2].height = 0.10131712259371833
_viz_config[_viz_2].label_visible = True
_viz_config[_viz_2].width = 0.08695652173913043
_viz_config[_viz_2].show_legend = False
_viz_config[_viz_2].y = 0.1782640378810818
_viz_config[_viz_2].x = 0.8603980717940168
_viz_ace_editor = nengo_gui.components.AceEditor()
_viz_net_graph = nengo_gui.components.NetGraph()
_viz_sim_control = nengo_gui.components.SimControl()
_viz_config[_viz_sim_control].kept_time = 4.0
_viz_config[_viz_sim_control].shown_time = 0.5
_viz_config[mc].pos=(0.3676186519572909, 0.41993245948227564)
_viz_config[mc].size=(0.09302325581395349, 0.08)
_viz_config[model].pos=(-0.002607901942886948, 0.02533782927776038)
_viz_config[model].size=(1.0, 1.0)
_viz_config[model].expanded=True
_viz_config[model].has_layout=True
_viz_config[ql].pos=(0.7953630896966681, 0.5744932180766181)
_viz_config[ql].size=(0.16040618578167828, 0.24847978091899148)
_viz_config[ql].expanded=True
_viz_config[ql].has_layout=True
_viz_config[ql.desired_action].pos=(0.8489674235896288, 0.07990581980776505)
_viz_config[ql.desired_action].size=(0.056179775280898875, 0.055248618784530384)
_viz_config[ql.error].pos=(0.28748050222998534, 0.606874875679404)
_viz_config[ql.error].size=(0.04494382022471911, 0.04419889502762431)
_viz_config[ql.q].pos=(0.5145276530243051, 0.38900504738787645)
_viz_config[ql.q].size=(0.04494382022471911, 0.04419889502762431)
_viz_config[ql.reward].pos=(0.16014085833378766, 0.7478957814419132)
_viz_config[ql.reward].size=(0.04494382022471911, 0.04419889502762431)
_viz_config[ql.reward_array].pos=(0.8462577070292944, 0.7631914903225618)
_viz_config[ql.reward_array].size=(0.04223410366438467, 0.05541574820676607)
_viz_config[ql.select].pos=(0.8470737510881637, 0.3766425720923349)
_viz_config[ql.select].size=(0.05825820599912228, 0.07377059886354356)
_viz_config[ql.state].pos=(0.1574311727833434, 0.37472905243260496)
_viz_config[ql.state].size=(0.056179775280898875, 0.055248618784530384)