_viz_config[A].pos=(0.26257545271629723, 0.27876712328767045)
_viz_config[A].size=(0.0634540017494962, 0.144002917212327)
_viz_config[B].pos=(0.2645875251509052, 0.6107305936073046)
_viz_config[B].size=(0.059395609066876166, 0.06739638745716314)
_viz_0 = nengo_gui.components.Value(A)
_viz_config[_viz_0].synapse = 0.01
_viz_config[_viz_0].max_value = 1
_viz_config[_viz_0].min_value = -1
_viz_config[_viz_0].legend_labels = [u'label_0']
_viz_config[_viz_0].height = 0.1141552511415525
_viz_config[_viz_0].label_visible = True
_viz_config[_viz_0].width = 0.1006036217303823
_viz_config[_viz_0].show_legend = False
_viz_config[_viz_0].y = 0.08829515465525001
_viz_config[_viz_0].x = 0.263655208992956
_viz_1 = nengo_gui.components.Value(B)
_viz_config[_viz_1].synapse = 0.01
_viz_config[_viz_1].max_value = 1
_viz_config[_viz_1].min_value = -1
_viz_config[_viz_1].legend_labels = [u'label_0']
_viz_config[_viz_1].height = 0.1141552511415525
_viz_config[_viz_1].label_visible = True
_viz_config[_viz_1].width = 0.1006036217303823
_viz_config[_viz_1].show_legend = False
_viz_config[_viz_1].y = 0.8242457025256561
_viz_config[_viz_1].x = 0.27066321470067845
_viz_3 = nengo_gui.components.Value(output)
_viz_config[_viz_3].synapse = 0.01
_viz_config[_viz_3].max_value = 1
_viz_config[_viz_3].min_value = -1
_viz_config[_viz_3].legend_labels = [u'label_0', u'label_1']
_viz_config[_viz_3].height = 0.1141552511415525
_viz_config[_viz_3].label_visible = True
_viz_config[_viz_3].width = 0.1006036217303823
_viz_config[_viz_3].show_legend = False
_viz_config[_viz_3].y = 0.3920091324200921
_viz_config[_viz_3].x = 0.7297116029510411
_viz_ace_editor = nengo_gui.components.AceEditor()
_viz_net_graph = nengo_gui.components.NetGraph()
_viz_sim_control = nengo_gui.components.SimControl()
_viz_config[_viz_sim_control].kept_time = 4.0
_viz_config[_viz_sim_control].shown_time = 0.5
_viz_config[cos].pos=(0.04975972267092551, 0.6133123601284456)
_viz_config[cos].size=(0.06177061990473097, 0.06917808219178112)
_viz_config[model].pos=(0.12374245472837064, 0.04223744292237405)
_viz_config[model].size=(1.0, 1.0)
_viz_config[model].expanded=True
_viz_config[model].has_layout=True
_viz_config[output].pos=(0.5251509054325975, 0.4347031963470332)
_viz_config[output].size=(0.33333333333333337, 0.10000000000000005)
_viz_config[sin].pos=(0.05582753169029789, 0.2794011026122853)
_viz_config[sin].size=(0.06931589153450979, 0.07317351598173516)