_viz_ace_editor = nengo_gui.components.AceEditor()
_viz_net_graph = nengo_gui.components.NetGraph()
_viz_sim_control = nengo_gui.components.SimControl()
_viz_config[_viz_sim_control].kept_time = 4.0
_viz_config[_viz_sim_control].shown_time = 0.5
_viz_config[a].pos=(0.16517166455777177, 0.44447057403869117)
_viz_config[a].size=(0.1, 0.1)
_viz_config[b].pos=(0.4240089388738886, 0.4443464174368223)
_viz_config[b].size=(0.1, 0.1)
_viz_config[c].pos=(0.6365569045742402, 0.4470561194204716)
_viz_config[c].size=(0.1, 0.1)
_viz_config[d].pos=(0.8634856923480697, 0.44928004718834763)
_viz_config[d].size=(0.1, 0.1)
_viz_config[model].pos=(-0.022245762711864413, 0.0045662100456621)
_viz_config[model].size=(1.0, 1.0)
_viz_config[model].expanded=True
_viz_config[model].has_layout=True